1[5, 0, 4, 0, 0, 0]
2[0, 1, 5, 0, 3, 0]
3[0, 0, 4, 0, 0, 2]
4[1, 6, 0, 0, 0, 5]
5[0, 0, 1, 0, 0, 0]
6[0, 0, 6, 3, 0, 6]
7[0, 6, 0, 0, 0, 0]
8[0, 0, 1, 0, 0, 0]
9[2, 0, 0, 0, 0, 0]
10[0, 6, 0, 6, 0, 0]
11[1, 6, 0, 0, 0, 5]
12[0, 6, 0, 0, 0, 0]
13[0, 0, 4, 0, 0, 2]
14[1, 6, 0, 0, 0, 5]
15[0, 6, 4, 0, 0, 6]
16[1, 0, 0, 0, 5, 0]
17[1, 6, 0, 0, 0, 5]
18[0, 6, 0, 0, 0, 0]
19[0, 0, 1, 0, 0, 0]
20[0, 1, 5, 0, 3, 0]
21[0, 0, 4, 0, 0, 2]
22[0, 1, 5, 0, 3, 0]
23[1, 6, 0, 0, 0, 5]
24[0, 6, 0, 0, 0, 0]
25[5, 0, 4, 0, 0, 0]
26[0, 6, 0, 6, 0, 0]
27[0, 6, 4, 0, 0, 6]
28[0, 0, 4, 0, 0, 2]
29[2, 0, 0, 0, 0, 0]
30[0, 6, 4, 0, 0, 6]
31[0, 6, 0, 0, 0, 0]
32[1, 6, 0, 0, 0, 5]
33[3, 0, 0, 2, 0, 0]
34[0, 0, 0, 0, 0, 1]
35[3, 0, 0, 2, 0, 0]
36[0, 6, 4, 0, 0, 6]
37[6, 6, 0, 0, 1, 0]
38[0, 0, 1, 0, 0, 0]
39[0, 0, 4, 0, 0, 2]
40[0, 6, 4, 0, 0, 6]
41[1, 6, 0, 0, 0, 5]
42[0, 6, 0, 0, 0, 0]
43[0, 6, 0, 6, 0, 0]
44[0, 0, 0, 0, 0, 1]
45[1, 0, 0, 0, 5, 0]
46[0, 0, 6, 3, 0, 6]
47[2, 0, 0, 0, 0, 0]
48[0, 6, 4, 0, 0, 6]
49[0, 6, 0, 6, 0, 0]
50[0, 0, 4, 0, 0, 2]
51[0, 6, 4, 0, 0, 6]
52[0, 1, 5, 0, 3, 0]
53[0, 0, 0, 0, 0, 1]
54[0, 6, 0, 6, 0, 0]
55[3, 0, 0, 2, 0, 0]
